Up/Down,Upgrade,Same,Downgrade,Defaulted,Non-Rated,Totals
01/31/1981,0,63,5,0,0,68
02/28/1981,0,69,0,0,0,69
03/31/1981,0,67,2,0,0,69
04/30/1981,0,71,0,0,0,71
05/31/1981,0,71,0,0,0,71
06/30/1981,0,71,0,0,0,71
07/31/1981,0,69,1,0,1,71
08/31/1981,0,70,0,0,0,70
09/30/1981,0,70,0,0,0,70
10/31/1981,0,70,0,0,0,70
11/30/1981,0,70,0,0,0,70
12/31/1981,0,69,1,0,0,70
01/31/1982,0,69,1,0,0,70
02/28/1982,0,69,1,0,0,70
03/31/1982,0,69,1,0,0,70
04/30/1982,0,68,1,1,0,70
05/31/1982,0,68,1,0,0,69
06/30/1982,0,65,4,0,0,69
07/31/1982,0,69,0,0,0,69
08/31/1982,0,67,1,1,0,69
09/30/1982,0,66,1,0,1,68
10/31/1982,0,66,1,0,0,67
11/30/1982,0,67,0,0,1,68
12/31/1982,0,67,0,0,0,67
01/31/1983,0,64,2,0,1,67
02/28/1983,0,65,0,0,1,66
03/31/1983,0,64,1,0,0,65
04/30/1983,0,66,0,0,1,67
05/31/1983,0,67,0,0,0,67
06/30/1983,0,67,0,0,0,67
07/31/1983,0,67,0,0,0,67
08/31/1983,0,68,0,0,0,68
09/30/1983,0,69,0,0,0,69
10/31/1983,0,69,0,0,0,69
11/30/1983,0,68,0,0,1,69
12/31/1983,0,67,0,0,1,68
01/31/1984,0,67,0,0,0,67
02/29/1984,0,64,3,0,0,67
03/31/1984,1,66,0,0,1,68
04/30/1984,0,67,0,0,1,68
05/31/1984,0,67,0,0,0,67
06/30/1984,0,67,0,0,0,67
07/31/1984,0,65,1,1,0,67
08/31/1984,0,66,0,0,0,66
09/30/1984,0,65,1,0,0,66
10/31/1984,0,66,1,0,0,67
11/30/1984,0,68,0,0,0,68
12/31/1984,0,68,0,0,0,68
01/31/1985,0,72,0,0,0,72
02/28/1985,1,72,0,0,0,73
03/31/1985,1,69,3,0,0,73
04/30/1985,0,73,0,0,1,74
05/31/1985,0,75,0,0,0,75
06/30/1985,0,72,1,0,3,76
07/31/1985,0,72,0,0,1,73
08/31/1985,0,72,1,0,0,73
09/30/1985,0,69,4,0,0,73
10/31/1985,0,73,0,0,0,73
11/30/1985,0,73,0,0,0,73
12/31/1985,1,71,2,0,0,74
01/31/1986,0,71,0,0,3,74
02/28/1986,0,72,0,0,0,72
03/31/1986,0,72,1,0,0,73
04/30/1986,0,73,0,0,0,73
05/31/1986,0,71,1,0,1,73
06/30/1986,0,72,0,1,0,73
07/31/1986,0,73,2,0,0,75
08/31/1986,0,79,0,0,0,79
09/30/1986,0,80,0,0,1,81
10/31/1986,1,79,1,0,0,81
11/30/1986,0,83,0,0,0,83
12/31/1986,1,82,1,0,0,84
01/31/1987,1,84,0,0,1,86
02/28/1987,0,83,1,0,1,85
03/31/1987,2,83,1,0,0,86
04/30/1987,0,90,1,0,0,91
05/31/1987,0,91,0,0,1,92
06/30/1987,0,93,0,0,2,95
07/31/1987,0,94,0,0,0,94
08/31/1987,1,91,1,0,1,94
09/30/1987,0,92,0,1,0,93
10/31/1987,0,93,1,0,0,94
11/30/1987,1,92,0,0,1,94
12/31/1987,0,93,0,0,1,94
01/31/1988,1,91,1,0,0,93
02/29/1988,0,90,2,0,1,93
03/31/1988,0,88,3,0,1,92
04/30/1988,0,92,0,0,1,93
05/31/1988,0,88,4,1,0,93
06/30/1988,2,88,2,0,0,92
07/31/1988,0,88,0,0,4,92
08/31/1988,0,88,0,0,0,88
09/30/1988,0,87,1,0,1,89
10/31/1988,4,85,1,0,1,91
11/30/1988,0,92,0,0,0,92
12/31/1988,0,93,0,0,0,93
01/31/1989,0,93,0,0,1,94
02/28/1989,0,93,0,0,0,93
03/31/1989,0,92,0,0,1,93
04/30/1989,2,88,3,0,0,93
05/31/1989,0,90,1,0,2,93
06/30/1989,0,91,0,0,0,91
07/31/1989,0,90,1,0,0,91
08/31/1989,1,90,0,0,0,91
09/30/1989,0,93,1,0,0,94
10/31/1989,0,94,0,0,0,94
11/30/1989,0,92,2,0,0,94
12/31/1989,1,93,0,0,0,94
01/31/1990,1,93,0,0,0,94
02/28/1990,0,94,0,0,0,94
03/31/1990,1,90,3,0,0,94
04/30/1990,0,92,1,1,0,94
05/31/1990,1,89,2,0,1,93
06/30/1990,0,91,0,0,1,92
07/31/1990,0,91,0,0,0,91
08/31/1990,0,84,5,0,2,91
09/30/1990,0,88,0,1,0,89
10/31/1990,0,84,0,3,1,88
11/30/1990,1,82,1,0,0,84
12/31/1990,0,80,1,3,0,84
01/31/1991,0,77,1,2,1,81
02/28/1991,0,74,2,0,2,78
03/31/1991,0,77,1,0,0,78
04/30/1991,0,77,1,1,0,79
05/31/1991,0,75,1,2,0,78
06/30/1991,0,76,0,0,0,76
07/31/1991,0,74,1,1,0,76
08/31/1991,0,74,0,0,1,75
09/30/1991,0,71,2,0,1,74
10/31/1991,0,72,0,0,1,73
11/30/1991,0,70,0,1,1,72
12/31/1991,0,70,1,0,0,71
01/31/1992,0,71,0,0,0,71
02/29/1992,0,70,1,0,0,71
03/31/1992,1,70,0,0,0,71
04/30/1992,0,71,1,0,0,72
05/31/1992,1,73,0,0,0,74
06/30/1992,0,72,1,1,0,74
07/31/1992,1,74,0,0,0,75
08/31/1992,1,74,0,0,0,75
09/30/1992,0,75,0,0,0,75
10/31/1992,0,76,0,0,0,76
11/30/1992,2,77,0,0,0,79
12/31/1992,2,77,0,0,1,80
01/31/1993,0,80,1,0,0,81
02/28/1993,0,82,0,0,1,83
03/31/1993,0,83,0,0,0,83
04/30/1993,1,84,0,0,0,85
05/31/1993,1,84,0,0,0,85
06/30/1993,0,85,0,0,1,86
07/31/1993,0,87,2,0,0,89
08/31/1993,0,92,0,0,1,93
09/30/1993,0,93,0,0,1,94
10/31/1993,0,95,1,0,0,96
11/30/1993,1,97,1,0,1,100
12/31/1993,0,98,0,0,2,100
01/31/1994,0,99,1,0,0,100
02/28/1994,0,102,1,1,0,104
03/31/1994,1,103,0,0,1,105
04/30/1994,0,108,0,0,0,108
05/31/1994,0,106,0,0,2,108
06/30/1994,0,108,0,0,0,108
07/31/1994,0,111,0,0,0,111
08/31/1994,0,110,0,0,1,111
09/30/1994,0,110,0,0,0,110
10/31/1994,2,107,0,0,1,110
11/30/1994,2,107,0,0,0,109
12/31/1994,0,110,1,0,0,111
01/31/1995,0,111,0,0,0,111
02/28/1995,0,111,1,0,0,112
03/31/1995,0,112,0,0,0,112
04/30/1995,1,110,0,0,1,112
05/31/1995,0,115,0,1,0,116
06/30/1995,2,113,0,0,0,115
07/31/1995,0,116,0,1,0,117
08/31/1995,0,116,1,0,0,117
09/30/1995,1,118,0,0,0,119
10/31/1995,1,118,0,0,1,120
11/30/1995,2,115,0,1,1,119
12/31/1995,0,119,0,0,0,119
01/31/1996,0,120,0,0,0,120
02/29/1996,0,121,0,0,0,121
03/31/1996,0,120,1,0,1,122
04/30/1996,1,123,0,0,0,124
05/31/1996,1,124,0,0,0,125
06/30/1996,1,128,0,0,0,129
07/31/1996,0,129,0,0,0,129
08/31/1996,0,125,0,0,4,129
09/30/1996,2,124,0,0,0,126
10/31/1996,0,128,0,0,0,128
11/30/1996,0,132,1,0,0,133
12/31/1996,0,135,1,0,1,137
01/31/1997,0,137,0,0,0,137
02/28/1997,1,133,0,0,3,137
03/31/1997,0,132,1,0,3,136
04/30/1997,3,130,1,0,1,135
05/31/1997,1,139,0,0,0,140
06/30/1997,0,142,0,0,1,143
07/31/1997,0,144,0,0,0,144
08/31/1997,0,146,1,0,1,148
09/30/1997,0,147,0,0,0,147
10/31/1997,1,148,0,0,0,149
11/30/1997,0,149,1,0,1,151
12/31/1997,2,155,0,0,0,157
01/31/1998,0,153,5,0,0,158
02/28/1998,2,155,0,0,2,159
03/31/1998,0,160,0,0,0,160
04/30/1998,1,160,0,1,0,162
05/31/1998,0,157,2,0,4,163
06/30/1998,2,156,0,0,2,160
07/31/1998,0,159,1,0,3,163
08/31/1998,0,162,1,0,0,163
09/30/1998,0,162,2,0,0,164
10/31/1998,0,165,0,0,0,165
11/30/1998,0,168,2,0,0,170
12/31/1998,0,170,2,1,0,173
01/31/1999,0,168,3,0,2,173
02/28/1999,0,170,2,1,0,173
03/31/1999,0,173,2,0,0,175
04/30/1999,0,178,0,0,1,179
05/31/1999,1,178,1,0,1,181
06/30/1999,0,178,0,0,3,181
07/31/1999,1,177,0,0,1,179
08/31/1999,1,176,0,0,3,180
09/30/1999,0,178,0,0,0,178
10/31/1999,0,176,2,0,0,178
11/30/1999,0,173,2,1,2,178
12/31/1999,0,173,1,1,0,175
01/31/2000,0,172,1,0,2,175
02/29/2000,0,170,4,0,2,176
03/31/2000,0,172,1,1,1,175
04/30/2000,0,169,3,1,0,173
05/31/2000,2,167,3,0,1,173
06/30/2000,2,167,1,0,2,172
07/31/2000,1,169,1,0,0,171
08/31/2000,0,169,1,0,2,172
09/30/2000,0,168,0,1,1,170
10/31/2000,0,164,1,2,1,168
11/30/2000,0,161,0,1,4,166
12/31/2000,1,159,1,0,0,161
01/31/2001,1,160,0,0,0,161
02/28/2001,0,161,1,1,1,164
03/31/2001,0,157,5,0,0,162
04/30/2001,0,156,2,3,2,163
05/31/2001,2,152,2,0,2,158
06/30/2001,0,153,1,2,1,157
07/31/2001,1,148,5,0,0,154
08/31/2001,0,149,2,1,4,156
09/30/2001,0,150,0,0,1,151
10/31/2001,0,154,0,1,0,155
11/30/2001,0,155,0,0,0,155
12/31/2001,1,152,1,1,0,155
01/31/2002,0,150,2,0,2,154
02/28/2002,1,148,4,0,1,154
03/31/2002,0,148,3,3,0,154
04/30/2002,0,149,1,0,1,151
05/31/2002,0,148,3,0,0,151
06/30/2002,0,150,1,0,1,152
07/31/2002,0,151,0,1,0,152
08/31/2002,0,153,0,0,0,153
09/30/2002,0,146,4,1,2,153
10/31/2002,0,147,2,1,0,150
11/30/2002,0,144,3,2,0,149
12/31/2002,0,145,1,0,1,147
01/31/2003,1,142,2,1,0,146
02/28/2003,1,143,3,0,0,147
03/31/2003,0,143,2,0,2,147
04/30/2003,0,145,0,1,0,146
05/31/2003,0,144,1,0,0,145
06/30/2003,0,145,0,0,0,145
07/31/2003,1,146,0,0,0,147
08/31/2003,0,144,2,0,2,148
09/30/2003,0,144,0,0,3,147
10/31/2003,1,142,0,0,1,144
11/30/2003,2,147,2,0,0,151
12/31/2003,2,147,1,0,2,152
01/31/2004,0,151,1,0,0,152
02/29/2004,1,152,0,1,1,155
03/31/2004,1,158,0,1,0,160
04/30/2004,0,162,0,0,0,162
05/31/2004,0,161,1,0,2,164
06/30/2004,0,164,0,0,1,165
07/31/2004,1,163,0,0,1,165
08/31/2004,0,164,0,0,1,165
09/30/2004,0,165,0,0,1,166
10/31/2004,0,164,0,0,1,165
11/30/2004,1,166,0,0,1,168
12/31/2004,0,165,3,0,0,168
01/31/2005,0,166,1,1,1,169
02/28/2005,0,170,0,0,0,170
03/31/2005,1,171,2,0,0,174
04/30/2005,0,172,2,0,4,178
05/31/2005,1,170,2,0,4,177
06/30/2005,0,173,1,0,2,176
07/31/2005,0,171,3,0,0,174
08/31/2005,0,174,0,0,1,175
09/30/2005,0,169,5,0,1,175
10/31/2005,0,173,2,0,0,175
11/30/2005,0,178,0,0,0,178
12/31/2005,0,174,3,0,3,180
01/31/2006,0,175,1,0,1,177
02/28/2006,2,175,1,0,0,178
03/31/2006,0,181,0,0,1,182
04/30/2006,2,178,0,0,2,182
05/31/2006,0,179,0,1,1,181
06/30/2006,1,175,4,0,2,182
07/31/2006,0,183,0,1,0,184
08/31/2006,1,184,1,0,0,186
09/30/2006,1,184,0,0,2,187
10/31/2006,0,185,1,0,0,186
11/30/2006,0,187,1,0,0,188
12/31/2006,1,186,0,0,2,189
01/31/2007,0,182,0,2,5,189
02/28/2007,0,180,3,0,1,184
03/31/2007,1,179,1,0,3,184
04/30/2007,1,181,0,0,0,182
05/31/2007,0,179,2,0,1,182
06/30/2007,1,182,0,0,1,184
07/31/2007,0,182,2,0,1,185
08/31/2007,0,182,0,0,3,185
09/30/2007,0,181,0,0,1,182
10/31/2007,0,179,2,1,1,183
11/30/2007,1,174,4,0,2,181
12/31/2007,0,174,2,2,1,179
01/31/2008,0,177,1,0,0,178
02/29/2008,0,173,6,0,0,179
03/31/2008,0,176,2,0,1,179
04/30/2008,0,176,2,0,2,180
05/31/2008,0,176,3,0,0,179
06/30/2008,0,176,0,0,3,179
07/31/2008,0,171,2,2,1,176
08/31/2008,0,170,3,1,0,174
09/30/2008,0,173,0,0,0,173
10/31/2008,0,168,3,2,0,173
11/30/2008,0,164,7,1,0,172
12/31/2008,0,161,9,1,1,172
01/31/2009,0,162,8,2,0,172
02/28/2009,0,163,7,0,0,170
03/31/2009,0,155,12,3,0,170
04/30/2009,0,148,9,7,3,167
05/31/2009,0,153,2,3,1,159
06/30/2009,0,149,3,3,0,155
07/31/2009,0,147,4,1,1,153
08/31/2009,0,147,4,1,0,152
09/30/2009,0,149,1,2,0,152
10/31/2009,0,145,1,4,0,150
11/30/2009,1,144,3,1,1,150
12/31/2009,1,148,0,1,1,151
01/31/2010,1,148,0,2,0,151
02/28/2010,1,150,2,0,0,153
03/31/2010,2,150,0,1,1,154
04/30/2010,0,152,0,1,1,154
05/31/2010,5,149,0,0,0,154
06/30/2010,1,152,1,0,0,154
07/31/2010,3,151,1,0,0,155
08/31/2010,1,152,0,0,2,155
09/30/2010,0,155,1,0,0,156
10/31/2010,3,155,2,0,0,160
11/30/2010,1,156,1,1,3,162
12/31/2010,0,161,0,0,1,162
01/31/2011,1,160,0,0,1,162
02/28/2011,1,163,0,0,0,164
03/31/2011,0,160,3,0,1,164
04/30/2011,1,162,0,0,1,164
05/31/2011,0,162,2,0,0,164
06/30/2011,1,161,5,0,2,169
07/31/2011,0,167,0,0,0,167
08/31/2011,2,163,0,1,1,167
09/30/2011,1,162,2,1,0,166
10/31/2011,3,160,1,2,2,168
11/30/2011,0,164,0,1,1,166
12/31/2011,1,162,1,1,0,165
01/31/2012,0,164,0,0,0,164
02/29/2012,1,160,0,1,3,165
03/31/2012,0,159,2,0,0,161
04/30/2012,0,161,0,0,1,162
05/31/2012,0,160,2,1,0,163
06/30/2012,0,157,4,0,2,163
07/31/2012,1,159,0,0,1,161
08/31/2012,0,161,0,0,1,162
09/30/2012,0,160,2,0,0,162
10/31/2012,1,159,0,0,2,162
11/30/2012,0,157,1,0,2,160
12/31/2012,1,155,1,0,1,158
01/31/2013,1,156,1,0,1,159
02/28/2013,0,161,1,2,0,164
03/31/2013,1,164,1,0,0,166
04/30/2013,1,166,0,2,0,169
05/31/2013,1,167,1,0,2,171
06/30/2013,1,171,0,0,0,172
07/31/2013,0,169,1,1,2,173
08/31/2013,0,172,0,0,0,172
09/30/2013,0,171,0,0,1,172
10/31/2013,0,172,0,0,0,172
11/30/2013,0,175,0,1,1,177
12/31/2013,0,174,0,0,3,177
01/31/2014,0,173,1,0,0,174
02/28/2014,1,173,0,0,0,174
03/31/2014,0,174,1,0,0,175
04/30/2014,0,175,0,0,0,175
05/31/2014,3,173,0,0,1,177
06/30/2014,1,180,1,0,1,183
07/31/2014,0,182,1,0,1,184
08/31/2014,0,189,0,0,0,189
09/30/2014,1,191,1,0,1,194
10/31/2014,0,195,0,1,0,196
11/30/2014,1,194,0,0,1,196
12/31/2014,0,195,0,0,2,197
01/31/2015,0,194,1,2,0,197
02/28/2015,1,194,0,1,1,197
03/31/2015,0,194,2,1,0,197
04/30/2015,1,197,0,0,1,199
05/31/2015,1,195,1,0,2,199
06/30/2015,1,195,1,1,2,200
07/31/2015,1,197,0,0,3,201
08/31/2015,4,198,0,0,1,203
09/30/2015,0,202,0,0,1,203
10/31/2015,2,201,1,0,2,206
11/30/2015,1,200,2,1,1,205
12/31/2015,2,200,0,0,2,204
01/31/2016,1,198,0,1,2,202
02/29/2016,2,195,2,0,1,200
03/31/2016,1,198,0,0,0,199
04/30/2016,0,196,0,1,2,199
05/31/2016,0,196,1,0,0,197
06/30/2016,2,196,1,0,0,199
07/31/2016,0,199,2,0,0,201
08/31/2016,1,201,0,0,1,203
09/30/2016,0,201,0,0,1,202
10/31/2016,1,200,0,0,5,206
11/30/2016,2,202,1,0,1,206
12/31/2016,0,207,1,0,3,211
01/31/2017,4,206,0,0,0,210
02/28/2017,2,206,0,0,4,212
03/31/2017,1,207,2,0,1,211
04/30/2017,1,208,0,0,2,211
05/31/2017,1,206,1,1,1,210
06/30/2017,0,209,1,0,1,211
07/31/2017,1,206,1,1,5,214
08/31/2017,0,206,1,1,2,210
09/30/2017,0,207,1,0,1,209
10/31/2017,0,207,0,1,1,209
11/30/2017,1,203,1,0,4,209
12/31/2017,1,209,1,0,0,211
01/31/2018,1,207,0,1,2,211
02/28/2018,1,209,0,0,2,212
03/31/2018,1,210,0,1,2,214
04/30/2018,0,211,1,0,2,214
05/31/2018,1,210,2,0,2,215
06/30/2018,0,215,0,0,3,218
07/31/2018,3,217,1,0,1,222
08/31/2018,0,215,0,0,8,223
09/30/2018,1,213,0,0,3,217
10/31/2018,0,214,0,0,2,216
11/30/2018,1,217,0,0,1,219
12/31/2018,1,219,0,0,1,221
01/31/2019,0,218,1,0,3,222
02/28/2019,0,217,2,0,1,220
03/31/2019,1,218,0,0,2,221
04/30/2019,0,220,0,0,0,220
05/31/2019,0,219,0,0,3,222
06/30/2019,0,213,0,0,7,220
07/31/2019,1,212,1,0,3,217
08/31/2019,0,215,3,0,0,218
09/30/2019,0,216,1,0,2,219
10/31/2019,1,214,1,0,2,218
11/30/2019,0,215,0,1,4,220
12/31/2019,0,214,0,0,4,218
01/31/2020,0,212,0,1,1,214
02/29/2020,0,210,1,0,2,213
03/31/2020,1,211,2,0,1,215
04/30/2020,0,210,3,0,1,214
05/31/2020,0,212,0,0,1,213
06/30/2020,0,209,1,0,3,213
07/31/2020,0,211,0,0,2,213
08/31/2020,0,209,1,2,0,212
09/30/2020,0,212,0,0,1,213
10/31/2020,0,213,0,0,0,213
11/30/2020,0,214,0,0,1,215
12/31/2020,2,212,0,0,3,217
01/31/2021,0,211,0,0,5,216
02/28/2021,5,207,0,0,3,215
03/31/2021,1,209,0,0,3,213
04/30/2021,3,208,0,0,0,211
05/31/2021,1,212,0,0,3,216
06/30/2021,1,214,1,0,2,218
07/31/2021,0,216,1,1,0,218
08/31/2021,0,216,1,0,2,219
09/30/2021,0,215,3,0,1,219
